saveMD5 = 799b44febee2b871d98b8be55fbd8f0c
vesselCount = 8
UT = 17162024.680818662
gameMode = CAREER
gameNull = False
gameCompatible = True
funds = 291188.63037717278
science = 28
reputationPercent = 49
ongoingContracts = 3
saveMD5 = 799b44febee2b871d98b8be55fbd8f0c
