saveMD5 = 84895c8e8a1f8dff776dd9339431d72c
vesselCount = 7
UT = 14031532.258513343
gameMode = CAREER
gameNull = False
gameCompatible = True
funds = 37649.127612973331
science = 10
reputationPercent = 35
ongoingContracts = 2
saveMD5 = 84895c8e8a1f8dff776dd9339431d72c
