saveMD5 = 4738686f6abb7e55e053574aedc79196
vesselCount = 7
UT = 13776352.225750359
gameMode = CAREER
gameNull = False
gameCompatible = True
funds = 838637.97696962464
science = 10
reputationPercent = 33
ongoingContracts = 3
saveMD5 = 4738686f6abb7e55e053574aedc79196
