saveMD5 = 80188e344e9d2f4ad8e11ccca9c59798
vesselCount = 7
UT = 15557458.306441139
gameMode = CAREER
gameNull = False
gameCompatible = True
funds = 402238.34588731744
science = 69
reputationPercent = 42
ongoingContracts = 2
saveMD5 = 80188e344e9d2f4ad8e11ccca9c59798
