saveMD5 = 31fb12749778d93c4d0e85216113599a
vesselCount = 10
UT = 20951139.110885676
gameMode = CAREER
gameNull = False
gameCompatible = True
funds = 601117.78674813663
science = 39
reputationPercent = 56
ongoingContracts = 5
saveMD5 = 31fb12749778d93c4d0e85216113599a
