saveMD5 = 27107d98f021b3eca6ae1e758e075565
vesselCount = 6
UT = 14484888.666717438
gameMode = CAREER
gameNull = False
gameCompatible = True
funds = 200065.43886729534
science = 18
reputationPercent = 37
ongoingContracts = 3
saveMD5 = 27107d98f021b3eca6ae1e758e075565
