saveMD5 = 9ce57fbfbe655a5598a975d42aa58e5b
vesselCount = 1
UT = 5676453.1130467737
gameMode = CAREER
gameNull = False
gameCompatible = True
funds = 68079.180110282614
science = 82
reputationPercent = 13
ongoingContracts = 0
saveMD5 = 9ce57fbfbe655a5598a975d42aa58e5b
