saveMD5 = 678e83a24d1a568b2e51ac4d5264d454
vesselCount = 1
UT = 7036957.5288941544
gameMode = CAREER
gameNull = False
gameCompatible = True
funds = 214249.79407447067
science = 13
reputationPercent = 17
ongoingContracts = 0
saveMD5 = 678e83a24d1a568b2e51ac4d5264d454
