saveMD5 = 400660bf387fa4c2f8c818c0ba1d4d21
vesselCount = 0
UT = 5446322.0043420373
gameMode = CAREER
gameNull = False
gameCompatible = True
funds = 170158.66035831388
science = 26
reputationPercent = 10
ongoingContracts = 0
saveMD5 = 400660bf387fa4c2f8c818c0ba1d4d21
