saveMD5 = 9e481ac6a9b860e7419e4084d8b561f3
vesselCount = 6
UT = 14956323.108577611
gameMode = CAREER
gameNull = False
gameCompatible = True
funds = 268172.47361579892
science = 66
reputationPercent = 40
ongoingContracts = 3
saveMD5 = 9e481ac6a9b860e7419e4084d8b561f3
