saveMD5 = 96122095dec573d89e467aacf4848685
vesselCount = 5
UT = 14487300.606714441
gameMode = CAREER
gameNull = False
gameCompatible = True
funds = 190156.04171916301
science = 18
reputationPercent = 37
ongoingContracts = 3
saveMD5 = 96122095dec573d89e467aacf4848685
