saveMD5 = 20f72e6b31b5023f1cc18f0b7d19a2a3
vesselCount = 0
UT = 470828.0379123218
gameMode = CAREER
gameNull = False
gameCompatible = True
funds = 104081.08914104104
science = 7
reputationPercent = 1
ongoingContracts = 2
saveMD5 = 20f72e6b31b5023f1cc18f0b7d19a2a3
