saveMD5 = 0a11c826ab2403b69da82f0eacc79a0e
vesselCount = 10
UT = 22235138.240003619
gameMode = CAREER
gameNull = False
gameCompatible = True
funds = 654604.91634268919
science = 62
reputationPercent = 57
ongoingContracts = 5
saveMD5 = 0a11c826ab2403b69da82f0eacc79a0e
