saveMD5 = 5de05248bc57379abae40cc9ee86bc21
vesselCount = 0
UT = 5677661.6930197598
gameMode = CAREER
gameNull = False
gameCompatible = True
funds = 68079.180369682028
science = 82
reputationPercent = 13
ongoingContracts = 0
saveMD5 = 5de05248bc57379abae40cc9ee86bc21
