saveMD5 = 060b24b1fc260f695ca4b8ba79f9af5f
vesselCount = 7
UT = 16856706.794977929
gameMode = CAREER
gameNull = False
gameCompatible = True
funds = 290788.63037717278
science = 28
reputationPercent = 49
ongoingContracts = 3
saveMD5 = 060b24b1fc260f695ca4b8ba79f9af5f
