saveMD5 = 4f7813e12af5a1a2df96b47de1ab0b07
vesselCount = 6
UT = 15559211.498236144
gameMode = CAREER
gameNull = False
gameCompatible = True
funds = 528073.25093926408
science = 68
reputationPercent = 45
ongoingContracts = 1
saveMD5 = 4f7813e12af5a1a2df96b47de1ab0b07
