saveMD5 = 8d76ca8fa4da69a475289aa05f031843
vesselCount = 0
UT = 826632.89306386723
gameMode = CAREER
gameNull = False
gameCompatible = True
funds = 178329.12006172538
science = 16
reputationPercent = 3
ongoingContracts = 0
saveMD5 = 8d76ca8fa4da69a475289aa05f031843
