saveMD5 = 310e0547b5b0afee549c18d1aaa1431d
vesselCount = 6
UT = 14198686.643903637
gameMode = CAREER
gameNull = False
gameCompatible = True
funds = 142608.32040014374
science = 16
reputationPercent = 36
ongoingContracts = 2
saveMD5 = 310e0547b5b0afee549c18d1aaa1431d
