saveMD5 = 42b958a795602bdd01eaa8c8e106090d
vesselCount = 6
UT = 13948562.03655283
gameMode = CAREER
gameNull = False
gameCompatible = True
funds = 887580.47944154846
science = 10
reputationPercent = 34
ongoingContracts = 2
saveMD5 = 42b958a795602bdd01eaa8c8e106090d
