saveMD5 = 4ee2557a74116d9bb8fec23bff75440d
vesselCount = 6
UT = 13835918.35655418
gameMode = CAREER
gameNull = False
gameCompatible = True
funds = 892865.47944154846
science = 10
reputationPercent = 34
ongoingContracts = 2
saveMD5 = 4ee2557a74116d9bb8fec23bff75440d
