saveMD5 = 00b73c8aedbf40cd509729f6f4717bc6
vesselCount = 7
UT = 17438604.460031979
gameMode = CAREER
gameNull = False
gameCompatible = True
funds = 584657.53390963969
science = 34
reputationPercent = 53
ongoingContracts = 3
saveMD5 = 00b73c8aedbf40cd509729f6f4717bc6
