saveMD5 = 46c6348c3d3ed9d62bc57e750b2e8b4a
vesselCount = 1
UT = 7037198.0488887783
gameMode = CAREER
gameNull = False
gameCompatible = True
funds = 204821.75004916874
science = 13
reputationPercent = 17
ongoingContracts = 1
saveMD5 = 46c6348c3d3ed9d62bc57e750b2e8b4a
