saveMD5 = 6b9853d954481ca582f8580b19ce1b76
vesselCount = 6
UT = 14955039.068606311
gameMode = CAREER
gameNull = False
gameCompatible = True
funds = 297959.36019449582
science = 48
reputationPercent = 40
ongoingContracts = 3
saveMD5 = 6b9853d954481ca582f8580b19ce1b76
